Fe-Al: 	 0.18393972058572117, 	 Fe-Al: 	 0.18393972058572117 	 in ( Al-Al)
Al-Fe: 	 0.0, 	 Al-Al: 	 1.0 	 in ( Al-Fe)
Al-Al: 	 1.0, 	 Al-Fe: 	 0.0 	 in ( Al-Fe)
